10 0.8612507812500001 0.8295054687500001 0.23812656250000003 0.34026093749999997
10 0.8745062499999999 0.97654765625 0.1958875 0.0468453125
10 0.8949609374999999 0.43921093750000006 0.193046875 0.197171875
10 0.94538671875 0.13617578125000002 0.1063984375 0.1161015625
11 0.8495515625 0.846515625 0.20535312499999997 0.08365625
11 0.91532109375 0.13761874999999998 0.05251718749999999 0.034612500000000004
11 0.8255453125000001 0.43519375 0.047965625 0.0391375
11 0.97678984375 0.34267890625 0.0285796875 0.0166078125
11 0.8911250000000001 0.047966406249999996 0.0635 0.036557812499999995
11 0.9253640624999999 0.21455390625 0.028853125 0.0259828125
