10 0.8523156249999999 0.8343867187499999 0.24213125 0.3312734375
10 0.86399609375 0.9812242187500001 0.1967421875 0.0374484375
10 0.88982109375 0.44967890624999995 0.1952671875 0.1993578125
10 0.9429171875 0.14771406250000002 0.107709375 0.117303125
11 0.8390601562500001 0.8555117187500001 0.20624531250000003 0.0860234375
11 0.91395 0.14885703125 0.0529 0.0352140625
11 0.8210765625 0.44484140625 0.048403125000000005 0.0396828125
11 0.97375546875 0.3537796875 0.0287609375 0.016934374999999998
11 0.8913249999999999 0.05926796875 0.0639 0.0372859375
11 0.9239468750000001 0.2256546875 0.029143750000000003 0.026309375000000003
