11 0.250196875 0.361040625 0.46601875000000004 0.12208125
11 0.29266484375 0.24596484375 0.4384546875 0.10442968749999999
10 0.176334375 0.9234375 0.25266875 0.153125
11 0.27788203125 0.027853906249999998 0.2401390625 0.0494578125
11 0.13519375 0.76095703125 0.1828875 0.0312890625
11 0.1491203125 0.737809375 0.12636562499999998 0.025618750000000003
11 0.26450234375 0.460084375 0.08525468750000001 0.07016875
11 0.0472234375 0.4472296875 0.044446875000000004 0.066334375
10 0.19302890625 0.7604171875000001 0.3048078125 0.114584375
10 0.48608828125 0.37140859375 0.9471765624999999 0.2896921875
