11 0.751659375 0.6067914062499999 0.46269375 0.1354578125
11 0.699065625 0.7257039062499999 0.43563124999999997 0.1170328125
10 0.8756656250000001 0.058950781249999994 0.24820625000000002 0.11790156249999999
11 0.694409375 0.9438124999999999 0.23881875 0.056374999999999995
11 0.9019718749999999 0.19797109375 0.18206875 0.0365671875
11 0.8847156249999999 0.2224421875 0.12568125000000002 0.029259374999999997
11 0.7463124999999999 0.5081421875000001 0.08325 0.072534375
11 0.9634546875 0.50719609375 0.042534375 0.06751718749999999
10 0.84299765625 0.2022625 0.3016203125 0.123275
10 0.516478125 0.6115304687500001 0.93920625 0.3168109375
