3 0.163784375 0.72111875 0.32756875 0.18286249999999998
3 0.14260234375 0.45267265625 0.2852046875 0.11159531250000002
3 0.13748984375 0.33820546875 0.17497968749999998 0.0920359375
3 0.13568515625000002 0.24815703125000002 0.1494953125 0.052564062499999994
3 0.00566015625 0.9872640625000001 0.0113203125 0.024528125
3 0.14489609374999998 0.530396875 0.0835421875 0.04516875
3 0.14444296875 0.1872875 0.1576359375 0.05895
3 0.1096171875 0.6155664062499999 0.084859375 0.040507812500000004
3 0.007605468749999999 0.9216390625 0.015210937499999999 0.040153125
2 0.49201562499999996 0.64388359375 0.9840312499999999 0.7127671875
2 0.12579921875 0.9447921875 0.2515984375 0.111459375
2 0.2894828125 0.3276515625 0.497715625 0.292803125
2 0.26261640625 0.45159296875 0.5252328125 0.3063109375
2 0.1068375 0.9124062500000001 0.213675 0.1498125
2 0.214909375 0.52788125 0.24856875 0.1557625
