3 0.8205484375 0.22250234375 0.359846875 0.19812968749999998
3 0.84856796875 0.49106249999999996 0.3033859375 0.12587500000000001
3 0.8494781249999999 0.60467578125 0.17083125 0.0999765625
3 0.8548375 0.69455 0.147175 0.060975
3 0.82981484375 0.413540625 0.08150468749999999 0.04895625
3 0.8493867187499999 0.7557375000000001 0.1550234375 0.06772500000000001
3 0.8602695312499999 0.32687187500000003 0.08303906250000001 0.04436875
3 0.9685796874999999 0.018789062500000002 0.062159374999999996 0.037578125000000004
2 0.5 0.34765625 1.0 0.6953125
2 0.85078125 0.03064609375 0.2984375 0.0612921875
2 0.69692109375 0.6232828125000001 0.48446718750000006 0.315315625
2 0.7304929687499999 0.49701015625 0.5391109375 0.3315203125
2 0.87105703125 0.055125781250000006 0.2577390625 0.11025156250000001
2 0.759815625 0.41942890625 0.24150624999999998 0.1669828125
