3 0.725390625 0.81953125 0.17578125 0.3609375
3 0.454296875 0.846484375 0.10546875 0.30546875
3 0.34140625 0.84609375 0.0890625 0.1703125
3 0.250390625 0.851171875 0.05078125 0.14609375
3 0.98828125 0.96875 0.0234375 0.0625
3 0.533203125 0.826953125 0.04453125 0.08203125
3 0.189453125 0.84609375 0.05703125 0.1546875
3 0.61796875 0.85859375 0.0390625 0.0828125
3 0.92265625 0.96875 0.0390625 0.0625
2 0.65234375 0.5 0.6953125 1.0
2 0.946484375 0.85078125 0.10546875 0.2984375
2 0.333203125 0.69296875 0.28515625 0.4828125
2 0.4578125 0.728515625 0.296875 0.54140625
2 0.91484375 0.87109375 0.1453125 0.2578125
2 0.53359375 0.757421875 0.1515625 0.23984375
