3 0.8080648437500001 0.69987421875 0.3848796875 0.1497484375
3 0.91319296875 0.28758984375 0.1607609375 0.0626796875
3 0.91673046875 0.183015625 0.1272109375 0.047281250000000004
3 0.8874929687499999 0.538484375 0.1281109375 0.06446874999999999
3 0.8816148437500001 0.40806484374999996 0.0913546875 0.0473796875
3 0.97578125 0.042392968749999996 0.0484375 0.0066609375
2 0.63203125 0.06499374999999999 0.7359375 0.10811249999999999
2 0.7932765625 0.27524140625 0.405303125 0.2067328125
2 0.78402421875 0.5387484375 0.3399234375 0.20874687500000003
2 0.81239453125 0.18262578125 0.34666406250000004 0.21837656249999998
