3 0.29483515625 0.77261796875 0.1521703125 0.42336093750000003
3 0.7068 0.85710703125 0.0636 0.1610890625
3 0.8115046875 0.85904140625 0.048009375 0.1274578125
3 0.4560359375 0.8329789062499999 0.065196875 0.1284578125
3 0.58644921875 0.8254929687500001 0.0478984375 0.0916109375
3 0.951909375 0.91810546875 0.00694375 0.0487109375
2 0.9312007812499999 0.57649375 0.1124015625 0.7404875
2 0.72014375 0.7375828125 0.2090375 0.406415625
2 0.45533359375 0.72990625 0.2106671875 0.3410625
2 0.8132921875000001 0.7551796875 0.22033437500000003 0.34785937499999997
