3 0.08474609375 0.41336953125000003 0.1694921875 0.1486140625
3 0.027625 0.12289609375000002 0.05525 0.07391718750000001
3 0.05068046875 0.23924140624999998 0.1013609375 0.0409828125
3 0.065740625 0.7013304687499999 0.13148125 0.0995359375
3 0.09796328125 0.52989609375 0.1959265625 0.09104218750000001
3 0.003125 0.01191875 0.00625 0.0238375
3 0.05647734375 0.64597265625 0.0942046875 0.0450703125
3 0.034192968750000004 0.05142187499999999 0.06838593750000001 0.04034375
3 0.03739453125 0.17510937499999998 0.0747890625 0.04396875
2 0.08980703125 0.41596406249999995 0.1796140625 0.550678125
2 0.051089843749999996 0.24549140625 0.10217968749999999 0.1941078125
