3 0.8937687499999999 0.46583359375000005 0.2031625 0.1504171875
3 0.9363468749999999 0.18134921875 0.12581875 0.07832343750000001
3 0.9798875 0.2995390625 0.034775 0.036578125
3 0.96302734375 0.75961484375 0.05730468749999999 0.0942296875
3 0.9488921875 0.58415390625 0.091534375 0.0839328125
3 0.94701171875 0.07283515625 0.1033984375 0.030045312499999997
3 0.9830125000000001 0.1120390625 0.034775 0.036578125
3 0.9744460937499999 0.23514609375 0.0488921875 0.042167187499999995
2 0.5820421875 0.447578125 0.832834375 0.59203125
2 0.905778125 0.3011203125 0.18343125 0.199115625
