3 0.11299921875 0.41539921875 0.1822484375 0.1526734375
3 0.036628125 0.12355468750000001 0.06075625 0.07523437499999999
3 0.0667265625 0.2404484375 0.105328125 0.043396875
3 0.11462265624999998 0.7029578125 0.1448703125 0.102790625
3 0.134534375 0.5322546875 0.20656875000000002 0.09575937500000001
3 0.0038757812500000003 0.0119921875 0.007751562500000001 0.023984375
3 0.1059390625 0.64706953125 0.096253125 0.047264062499999995
3 0.0370890625 0.0522265625 0.071053125 0.041953125
3 0.048907812499999995 0.17600546875 0.079065625 0.0457609375
2 0.11727265625000001 0.41808515625 0.2157953125 0.5549203125
2 0.0685078125 0.2466984375 0.115140625 0.196521875
