3 0.9102296875 0.48694218750000007 0.179834375 0.155134375
3 0.9409960937499999 0.20312421875000003 0.11949218749999999 0.0812484375
3 0.989865625 0.32181640625 0.02035625 0.0373828125
3 0.99318515625 0.7821484375 0.0144953125 0.095546875
3 0.9704171875000001 0.6070890624999999 0.059584375 0.086053125
3 0.948828125 0.0943546875 0.10390625 0.032459375
3 0.9833734375000001 0.13431640625000002 0.032371875 0.0373828125
3 0.980275 0.25758749999999997 0.038675 0.0433
2 0.59158828125 0.46193906249999994 0.8175515624999999 0.611378125
2 0.91399375 0.32199140625 0.17173750000000002 0.2033578125
