3 0.060159375 0.83275859375 0.12031875 0.056142187499999996
3 0.28244921874999995 0.443596875 0.2430234375 0.14656875
3 0.250309375 0.23993515625 0.15061875 0.10799531250000001
3 0.0142875 0.9984375 0.028575 0.003125
3 0.06341640625 0.78123203125 0.1268328125 0.0437140625
3 0.03619921875 0.7332578125 0.0723984375 0.035265625
2 0.20123515625000002 0.3945328125 0.40247031250000004 0.564065625
2 0.06363437499999999 0.8156070312500001 0.12726874999999999 0.2624640625
3 0.031875 0.8777437499999999 0.06375 0.0367375
2 0.01442421875 0.975 0.0288484375 0.05
2 0.15601328125 0.22994296875 0.3120265625 0.2973859375
2 0.06052031249999999 0.78119609375 0.12104062499999999 0.19989218749999998
2 0.02580703125 0.8768898437500001 0.0516140625 0.1600296875
