3 0.49874999999999997 0.60347421875 0.9974999999999999 0.3475734375
3 0.9009492187499999 0.36441796875 0.1956484375 0.0600859375
3 0.9534296875000001 0.854396875 0.084984375 0.10566875
3 0.93216796875 0.21796015624999998 0.1330859375 0.0484203125
3 0.907140625 0.1227203125 0.14553125 0.039190625
3 0.9086984375 0.0283890625 0.179896875 0.038028125
3 0.9290062499999999 0.324246875 0.1392625 0.035993750000000005
3 0.976653125 0.27367421875 0.04080625 0.0317234375
2 0.8057187499999999 0.05304453124999999 0.3895625 0.0904640625
2 0.8355656249999999 0.20971250000000002 0.32738125 0.144425
2 0.8159656249999999 0.11984140624999999 0.32255625 0.12093281250000001
2 0.73656015625 0.3553796875 0.5231203125 0.220134375
2 0.49986328125 0.5234375 0.9997265625 0.953125
