3 0.12687500000000002 0.599146875 0.25375000000000003 0.33891875
3 0.037340625 0.3535703125 0.07468125 0.060265625
3 0.08688203125 0.97165234375 0.10813906250000001 0.055804687500000005
3 0.07035625 0.8438140624999999 0.1407125 0.10637812499999999
3 0.013528124999999998 0.20797578125 0.027056249999999997 0.0472015625
3 0.0171875 0.01816875 0.034375 0.0363375
3 0.044449218750000005 0.31458984375 0.08889843750000001 0.0354296875
3 0.00943828125 0.26261796875 0.0188765625 0.0314859375
2 0.0171875 0.04316875 0.034375 0.0863375
2 0.0136875 0.20016328125 0.027375 0.14095156250000002
2 0.0407109375 0.34657578125 0.081421875 0.2150265625
2 0.15611328124999999 0.5234375 0.31222656249999997 0.953125
