3 0.07600234375 0.1643328125 0.1520046875 0.06304062499999999
3 0.09148828125 0.001521875 0.1798515625 0.00304375
3 0.0119875 0.21965078125 0.023975 0.0455515625
3 0.00048046875 0.26755625 0.0009609375 0.035112500000000005
2 0.24843281250000002 0.5947203125 0.49686562500000003 0.586315625
2 0.2727859375 0.17218359375 0.545571875 0.2912421875
3 0.014403125 0.12277578125 0.02880625 0.036176562499999995
2 0.19453125 0.025 0.3890625 0.05
2 0.11956015625000001 0.7641554687500001 0.23912031250000002 0.3064359375
2 0.12575390625 0.21222421875 0.2515078125 0.21194843749999998
2 0.09655078125 0.11683671874999998 0.1931015625 0.1711734375
