3 0.40234375 0.5 0.3359375 1.0
3 0.64609375 0.90234375 0.0578125 0.1953125
3 0.15703125 0.9578125 0.1046875 0.084375
3 0.7921875 0.93359375 0.046875 0.1328125
3 0.887890625 0.90703125 0.03828125 0.1453125
3 0.98203125 0.90859375 0.0359375 0.1796875
3 0.686328125 0.93046875 0.03515625 0.1390625
3 0.7390625 0.978515625 0.03125 0.04140625
2 0.95703125 0.80546875 0.0859375 0.3890625
2 0.8015625 0.83671875 0.140625 0.3265625
2 0.88984375 0.816796875 0.1171875 0.32109375
2 0.65390625 0.7390625 0.2140625 0.521875
2 0.4765625 0.5 0.953125 1.0
