3 0.49385859375 0.37542265625 0.9877171875 0.3883453125
3 0.08148359375 0.64027421875 0.1629671875 0.0680484375
3 0.03944453125 0.15455468749999998 0.0788890625 0.109109375
3 0.04626171875 0.78941796875 0.0925234375 0.0538359375
3 0.060047656250000005 0.8819328125 0.12009531250000001 0.045115625
3 0.0653625 0.97736484375 0.130725 0.045354687500000004
3 0.052028125 0.68255 0.10405625 0.043225
3 0.0017664062500000002 0.7370023437500001 0.0035328125000000004 0.0333796875
2 0.17057890625 0.9469140625 0.3411578125 0.106328125
2 0.14413984375 0.79293203125 0.2882796875 0.1577390625
2 0.15011328125 0.879528125 0.3002265625 0.13405625000000002
2 0.24660703125 0.6394562500000001 0.4932140625 0.24141249999999997
2 0.5 0.4765625 1.0 0.953125
