3 0.16796875 0.0625 0.0546875 0.125
3 0.559375 0.28515625 0.14375 0.2421875
3 0.762890625 0.251171875 0.10703125 0.14921875
3 0.0015625 0.0171875 0.003125 0.034375
3 0.21953125 0.065625 0.0421875 0.13125
3 0.267578125 0.03828125 0.03515625 0.0765625
2 0.607421875 0.2015625 0.55859375 0.403125
2 0.18515625 0.065625 0.2609375 0.13125
3 0.12265625 0.034375 0.0359375 0.06875
2 0.025 0.0171875 0.05 0.034375
2 0.771484375 0.15625 0.29296875 0.3125
2 0.219921875 0.0625 0.19921875 0.125
2 0.123828125 0.027734375 0.16015625 0.05546875
