3 0.9279953125 0.11811953124999999 0.127865625 0.0612390625
3 0.6857984375 0.5219710937500001 0.249721875 0.1564421875
3 0.709075 0.72346171875 0.15565 0.1156734375
3 0.92298046875 0.16984531249999998 0.13346093750000002 0.049065625
3 0.94699453125 0.21606874999999998 0.0783640625 0.038387500000000005
2 0.7662203125 0.56525078125 0.432440625 0.5805015625000001
2 0.924025 0.1354703125 0.144925 0.267815625
3 0.9587539062499999 0.0713328125 0.0706328125 0.039540625
2 0.80301015625 0.7269390625 0.32789531250000004 0.310128125
2 0.9255531250000001 0.17046328125000001 0.13548125 0.2065515625
2 0.9651140625 0.0768328125 0.064603125 0.153665625
