3 0.915784375 0.8423335937499999 0.15969375 0.056542187499999993
3 0.97825234375 0.790825 0.0346296875 0.04415
3 0.98838125 0.74383203125 0.014262500000000001 0.0345390625
2 0.7399085937500001 0.40142812499999997 0.5173171875 0.56535625
2 0.72029453125 0.8219406250000001 0.5499640625 0.26888125
3 0.9782249999999999 0.8877 0.034575 0.034775
2 0.7993640625 0.9792578125 0.389353125 0.042890625
2 0.86335 0.23830078124999998 0.273575 0.2953515625
2 0.86698359375 0.79134375 0.25896718750000003 0.2014375
2 0.8965617187499999 0.88785546875 0.1962484375 0.1632109375
