3 0.850990625 0.35593359375 0.27385625 0.3493671875
3 0.92733671875 0.59575625 0.0796734375 0.0633875
3 0.9069429687499999 0.00574921875 0.1107609375 0.0114984375
3 0.91914921875 0.1077140625 0.1507984375 0.11230312499999999
3 0.9449781249999999 0.74136171875 0.030581249999999997 0.0483484375
3 0.9306289062499999 0.92980703125 0.0362578125 0.0377390625
3 0.91808828125 0.6351875 0.0924265625 0.039125
3 0.9516 0.6849070312500001 0.02195 0.032314062500000004
2 0.9319390625 0.9048070312500001 0.038878125 0.08773906249999999
2 0.94431015625 0.74917421875 0.0354953125 0.1420984375
2 0.923578125 0.6029515625 0.09403125 0.21840312499999998
2 0.8187257812500001 0.45854765625000005 0.3624515625 0.9170953125000001
