3 0.7625 0.13203125 0.09375 0.2640625
3 0.884375 0.1453125 0.040625 0.1125
3 0.150390625 0.1078125 0.11328125 0.215625
3 0.312109375 0.127734375 0.05234375 0.08984375
3 0.23828125 0.150390625 0.0484375 0.07265625
3 0.02421875 0.17578125 0.0453125 0.0921875
3 0.512890625 0.15 0.06328125 0.1125
3 0.46015625 0.13828125 0.0421875 0.0953125
3 0.582421875 0.117578125 0.05859375 0.15078125
3 0.6515625 0.123828125 0.075 0.14765625
2 0.88359375 0.096875 0.1828125 0.19375
2 0.7265625 0.13203125 0.421875 0.2640625
2 0.193359375 0.1078125 0.38671875 0.215625
2 0.49296875 0.10078125 0.2421875 0.2015625
2 0.63046875 0.10390625 0.2703125 0.2078125
2 0.310546875 0.083203125 0.15234375 0.16640625
