3 0.75456484375 0.16362890624999998 0.1091296875 0.2678828125
3 0.8767140625 0.18051484375 0.047178125 0.11415468749999999
3 0.1437796875 0.1132296875 0.125059375 0.22020937499999998
3 0.3057640625 0.14014453124999998 0.058403125 0.09278906249999999
3 0.22943671875 0.16036171875 0.0526234375 0.0738484375
3 0.01968359375 0.1767046875 0.0393671875 0.094034375
3 0.5048390625 0.1715859375 0.069053125 0.11504687499999999
3 0.45199453125 0.15632812499999998 0.0477390625 0.09703125
3 0.57624296875 0.140271875 0.0681109375 0.15241875
3 0.64333984375 0.14996562500000002 0.0835546875 0.14993125000000002
2 0.8782984375 0.13341171875 0.194096875 0.2011984375
2 0.71862734375 0.1609390625 0.4372546875 0.281253125
2 0.19375 0.11570703125 0.3875 0.2314140625
2 0.48633828125 0.12134062500000001 0.2539265625 0.21143125000000002
2 0.6240203125 0.12972578125 0.282415625 0.21882656250000002
2 0.3063859375 0.09686953125 0.162771875 0.1718640625
