3 0.75614921875 0.1403890625 0.1060484375 0.265153125
3 0.87761953125 0.15492421875 0.045864062500000004 0.1129734375
3 0.14564609375 0.1100296875 0.12254218750000001 0.21693437499999998
3 0.30679765625 0.131559375 0.0573453125 0.09124375
3 0.2305796875 0.15340703125 0.05178437500000001 0.0724390625
3 0.0204359375 0.17604453125 0.040871875 0.0927140625
3 0.50574453125 0.15661328125 0.0677390625 0.1132265625
3 0.45300078125 0.1432140625 0.0466265625 0.095803125
3 0.57693046875 0.1237828125 0.0663609375 0.150690625
3 0.6456078125 0.13168671875 0.081840625 0.1477484375
2 0.87873046875 0.10731328124999999 0.1918359375 0.19587656250000002
2 0.72021171875 0.1407359375 0.4341734375 0.26897187499999997
2 0.19375 0.1100671875 0.3875 0.220134375
2 0.486725 0.106878125 0.251575 0.20438125000000001
2 0.6259335937499999 0.11172890625000001 0.2799921875 0.2109578125
2 0.30698203125 0.086828125 0.1608390625 0.16740625
