3 0.692578125 0.11640625 0.06640625 0.1359375
3 0.842578125 0.116796875 0.05390625 0.12734375
3 0.337109375 0.110546875 0.09609375 0.16796875
3 0.0390625 0.05546875 0.078125 0.1109375
3 0.2421875 0.069921875 0.071875 0.08359375
3 0.91640625 0.09375 0.0359375 0.075
3 0.419921875 0.078515625 0.05859375 0.06640625
2 0.97265625 0.28125 0.0546875 0.5625
2 0.690625 0.096875 0.25 0.19375
2 0.841796875 0.09375 0.21484375 0.1875
2 0.95859375 0.096875 0.0828125 0.19375
2 0.33671875 0.096875 0.4109375 0.19375
