3 0.09663359375 0.308603125 0.14014218750000002 0.06720625
3 0.10638984375 0.1585578125 0.1315296875 0.054615625
3 0.07798046875 0.6634820312499999 0.1559609375 0.09883906249999999
3 0.02593046875 0.9609375 0.0518609375 0.078125
3 0.0327296875 0.7583031250000001 0.065459375 0.07285625
3 0.08865156249999999 0.08403046875 0.077303125 0.0368109375
3 0.04096484375 0.58006953125 0.0694296875 0.06013906249999999
2 0.28125 0.03061640625 0.5625 0.0612328125
2 0.0909671875 0.31050234374999997 0.181934375 0.2522546875
2 0.09214765625 0.15890312499999998 0.1842953125 0.21780624999999998
2 0.096875 0.04253359375 0.19375 0.0850671875
2 0.08220625000000001 0.6644085937499999 0.16441250000000002 0.4131921875
