3 0.68714453125 0.083559375 0.0711640625 0.13899375
3 0.8369851562499999 0.07780000000000001 0.0583453125 0.1306
3 0.33312578125000003 0.09444375 0.10375156249999999 0.1732625
3 0.0390625 0.05546875 0.078125 0.1109375
3 0.23921874999999998 0.057923437499999994 0.0753125 0.087721875
3 0.9132468749999999 0.050836718749999996 0.03899375 0.0766734375
3 0.41696171875 0.05919531250000001 0.0620484375 0.06839062500000001
2 0.9606789062500001 0.2592359375 0.0776078125 0.518471875
2 0.68676015625 0.083703125 0.2578953125 0.16740625
2 0.8381953124999999 0.07664765625 0.22326562499999997 0.1532953125
2 0.95472890625 0.075515625 0.0907078125 0.15103125
2 0.33285390625 0.09381874999999999 0.4188328125 0.18763749999999998
