10 0.87176875 0.20223203124999997 0.25603750000000003 0.2044640625
10 0.63948828125 0.47631562499999996 0.7196015625000001 0.43388125000000005
10 0.97748125 0.8672187499999999 0.045587499999999996 0.1219375
10 0.9921304687499999 0.76553671875 0.015510937499999999 0.0810734375
10 0.965625 0.00294140625 0.06875 0.0058828125
10 0.9672351562499999 0.0533640625 0.0657203125 0.097353125
11 0.8074375 0.2069359375 0.118 0.051371875
11 0.9221515625000001 0.47494609375 0.122428125 0.1061421875
11 0.49561328125 0.794296875 0.27247656249999996 0.26359374999999996
5 0.9640726562499999 0.05200625 0.0718953125 0.0321375
