10 0.12249531250000001 0.7507546875 0.24499062500000002 0.19525937499999999
10 0.36370625 0.48631328125 0.7274125 0.4038765625
10 0.044971875 0.08099609375 0.08994375 0.1182421875
10 0.026022656249999998 0.18313984374999998 0.052045312499999996 0.0787796875
10 0.020621875 0.9714937499999999 0.04124375 0.0554875
10 0.02203125 0.89415 0.0440625 0.09455
11 0.185034375 0.74832890625 0.11694374999999999 0.0466578125
11 0.0912984375 0.47724453125000005 0.12009687499999999 0.1013640625
11 0.5411374999999999 0.174946875 0.26665 0.25301874999999996
5 0.025437500000000002 0.8957578125 0.050875000000000004 0.029015625
