11 0.05473828125 0.43366953124999996 0.1094765625 0.0798390625
10 0.0593265625 0.443953125 0.118653125 0.35353124999999996
10 0.04138828125 0.0765625 0.0827765625 0.153125
11 0.01124375 0.26072890625 0.0224875 0.0402078125
11 0.017 0.67286171875 0.034 0.1082234375
10 0.01515078125 0.26632500000000003 0.0303015625 0.185775
11 0.0447671875 0.06278359375 0.089534375 0.0380671875
11 0.060465625 0.0907671875 0.04593125 0.028409374999999997
11 0.006640625 0.9522625 0.01328125 0.09515
10 0.01772734375 0.69629921875 0.0354546875 0.2800984375
10 0.01957890625 0.86677109375 0.0391578125 0.26791718750000004
