11 0.5644078125 0.10284140625 0.075690625 0.1244328125
10 0.55348828125 0.1037671875 0.3476015625 0.151284375
10 0.922896875 0.1112109375 0.15204375 0.094296875
11 0.7383632812500001 0.0702296875 0.0392265625 0.031084374999999997
11 0.326703125 0.04855703125 0.10653125000000001 0.0564890625
10 0.7329125000000001 0.0726109375 0.184575 0.048346875
11 0.93620078125 0.11692734375 0.0349015625 0.0932296875
11 0.9071632812500001 0.131475 0.0268265625 0.047325
11 0.046975 0.02073984375 0.09395 0.0414796875
10 0.303265625 0.04725625 0.27840625 0.0695125
10 0.13297578125 0.038189062499999996 0.2659515625 0.07637812499999999
