10 0.21320390625000002 0.63625703125 0.42640781250000004 0.3537640625
11 0.33773671875 0.623909375 0.17859843749999998 0.09469375
10 0.029986718750000002 0.9891875000000001 0.059973437500000004 0.022125
10 0.03581171875 0.88856484375 0.0716234375 0.1521296875
11 0.338409375 0.47611171875 0.13306875 0.0834734375
11 0.045528125 0.2644734375 0.09105625 0.038321875
10 0.053104687500000004 0.25694765625000004 0.10620937500000001 0.1170203125
10 0.20447578125 0.46003046875 0.4089515625 0.3138109375
11 0.03503828125 0.9010648437500001 0.0700765625 0.0427546875
11 0.04093515625 0.8237851562499999 0.0818703125 0.0319453125
