11 0.9164796875000001 0.3990859375 0.148584375 0.079421875
10 0.7227867187499999 0.41713671874999997 0.5424484374999999 0.3686484375
10 0.78693828125 0.064815625 0.4270015625 0.12963125
11 0.8895171874999999 0.22535937499999997 0.210284375 0.047593750000000004
11 0.9324867187500001 0.63491328125 0.1055984375 0.11045156249999999
10 0.7537078125 0.23630390625 0.48241562499999996 0.20385781249999999
11 0.92541796875 0.027210937499999997 0.1477109375 0.041921875
11 0.9604664062499999 0.9132 0.036557812499999995 0.09515
10 0.69228125 0.66893671875 0.5908125 0.3003734375
10 0.67418515625 0.8390093750000001 0.6171203125 0.29051875
