11 0.56839609375 0.9472375 0.0742921875 0.106975
10 0.5578046875 0.74655234375 0.349984375 0.5056046875
10 0.92488515625 0.8202578125000001 0.1497703125 0.35926562500000003
11 0.743578125 0.92276796875 0.040281250000000005 0.1549109375
11 0.33155 0.95878046875 0.10685 0.0831859375
10 0.737328125 0.78549375 0.18715625 0.43036250000000004
11 0.9402710937500001 0.9605625 0.036792187500000004 0.077375
11 0.053225 0.9828125 0.09395 0.034375
10 0.30716875 0.714096875 0.2799625 0.57194375
10 0.13615234375000002 0.69453125 0.2691796875 0.6109375
