10 0.35674140625 0.24554062499999998 0.3384828125 0.46295624999999996
11 0.36457578125 0.37909609375 0.08852656249999999 0.1831921875
10 0.009615625 0.04211640625 0.01923125 0.0842328125
10 0.11041953125 0.05406171875 0.1489640625 0.1018734375
11 0.5113195312500001 0.38889765625 0.0788890625 0.1371703125
11 0.73309453125 0.10442734375 0.0349390625 0.0994796875
10 0.74094765625 0.11129375000000001 0.1131453125 0.1194625
10 0.532459375 0.24874765625 0.29929375 0.4381203125
11 0.09791953125 0.053042187500000004 0.0395890625 0.093584375
11 0.17371015625 0.066690625 0.0286703125 0.09588125
