5 0.24542421875000003 0.22766250000000002 0.2189734375 0.45532500000000004
5 0.8492203125 0.28414375000000003 0.301565625 0.5682875000000001
9 0.40914453125000005 0.25284140625 0.0839140625 0.2244328125
9 0.0193203125 0.23117890624999998 0.023015625 0.10610781250000001
3 0.10841484375000002 0.21380234375 0.0387046875 0.1088546875
8 0.051233593749999994 0.145703125 0.10246718749999999 0.29140625
8 0.4126140625 0.18476328125000002 0.309603125 0.36952656250000004
5 0.48572421875 0.24376250000000002 0.09019843749999999 0.187525
4 0.0408640625 0.2359375 0.081728125 0.471875
4 0.2423453125 0.25134921875 0.390940625 0.5026984375
