5 0.21048203125000003 0.8835015625 0.3272140625 0.163878125
5 0.1850265625 0.7528125 0.291928125 0.14625
5 0.21632109375000003 0.26173984375 0.4295171875 0.47660468749999996
9 0.19814921875 0.63514765625 0.1900484375 0.0546703125
3 0.161984375 0.6760234374999999 0.11771875000000001 0.042671875
8 0.16151328125 0.62446796875 0.2636515625 0.24893593749999998
4 0.1828421875 0.74872421875 0.290684375 0.23182343749999998
4 0.22222265624999998 0.88671875 0.3538203125 0.2265625
4 0.2164875 0.27892734375 0.432975 0.5359796875
8 0.17167734375000002 0.97653984375 0.23085468750000002 0.0468296875
