5 0.83762890625 0.154784375 0.3221328125 0.15644375
5 0.8514914062500001 0.286215625 0.2873578125 0.13805625
5 0.7802734375 0.771609375 0.413671875 0.45571875000000006
9 0.8301968750000001 0.40327343750000005 0.18851875 0.050296875
3 0.86916796875 0.362175 0.1164609375 0.039975
8 0.86678984375 0.41373984375 0.2554546875 0.24310468749999997
4 0.855634375 0.28923125 0.28314374999999997 0.22533750000000002
4 0.82763671875 0.14266640625 0.3458984375 0.2384578125
4 0.7809640625000001 0.748171875 0.415053125 0.5025937500000001
8 0.8849203125 0.0539828125 0.229215625 0.054840625
