3 0.0480359375 0.92126875 0.096071875 0.05191249999999999
3 0.046307812500000003 0.7222890625 0.09261562500000001 0.075828125
3 0.037994531250000005 0.47426640625000005 0.07598906250000001 0.0672828125
3 0.019060156249999998 0.54083203125 0.038120312499999996 0.044164062500000004
3 0.01075546875 0.5894773437499999 0.0215109375 0.032079687499999995
3 0.01134375 0.64572734375 0.0226875 0.025829687499999997
2 0.033454687500000004 0.9678093750000001 0.06690937500000001 0.06374375
2 0.05307968749999999 0.9137437500000001 0.10615937499999999 0.1712375
2 0.05150703125 0.71551328125 0.1030140625 0.2404015625
2 0.043584374999999995 0.472959375 0.08716874999999999 0.24279375
