3 0.9170265625 0.04520468749999999 0.102803125 0.046659374999999996
3 0.94546484375 0.24400624999999998 0.10967968749999998 0.0692625
3 0.9670421875 0.493596875 0.065334375 0.062193750000000006
3 0.98285703125 0.428253125 0.034464062499999996 0.04088125
3 0.9881648437500001 0.3788296875 0.0232046875 0.029534375
3 0.9855453125 0.3241421875 0.030465625000000003 0.023284375
2 0.94453125 0.014409374999999999 0.1109375 0.028818749999999997
2 0.92734375 0.067253125 0.1453125 0.13450625
2 0.94005546875 0.251128125 0.1207359375 0.23350624999999997
2 0.9608109375 0.49524999999999997 0.07787187500000001 0.23737499999999997
