0.09677290916442871
0.03387856483459473
0.035926103591918945
0.03509998321533203
0.03390908241271973
0.035904884338378906
0.03490781784057617
0.033907413482666016
0.03390932083129883
0.0359044075012207
0.03490614891052246
0.03490638732910156
0.03390979766845703
0.03490638732910156
0.034906625747680664
0.03390979766845703
0.03291177749633789
0.03690075874328613
0.03291201591491699
0.03563427925109863
0.0359044075012207
0.03291177749633789
0.034906864166259766
0.03490591049194336
0.03390955924987793
0.03690171241760254
0.03291177749633789
0.036901235580444336
0.03390908241271973
0.035947561264038086
0.032868385314941406
0.039893150329589844
0.040891170501708984
0.0359034538269043
0.036901235580444336
0.03516888618469238
0.03388500213623047
0.036900997161865234
0.03191494941711426
0.03490710258483887
0.03291177749633789
0.035904884338378906
0.03490614891052246
0.035903215408325195
0.03390979766845703
0.03490710258483887
0.03191399574279785
0.033908843994140625
0.026927947998046875
0.024934768676757812
0.028922080993652344
0.027924776077270508
0.025931119918823242
0.02692723274230957
0.027926206588745117
0.029919147491455078
0.02593064308166504
0.027925491333007812
0.030916929244995117
0.024934053421020508
0.027927398681640625
0.030942201614379883
0.024906396865844727
0.028940916061401367
0.02890491485595703
0.025930404663085938
0.028081655502319336
0.027925968170166016
0.026926279067993164
0.0259549617767334
0.03089284896850586
0.02531266212463379
0.028923988342285156
0.028921842575073242
0.024960994720458984
0.026940584182739258
0.022899150848388672
0.024960041046142578
0.02094435691833496
0.01994776725769043
0.02094292640686035
0.018949508666992188
0.02395796775817871
0.02890181541442871
0.025930166244506836
0.01894855499267578
0.023957252502441406
0.03089618682861328
0.023937702178955078
0.028909683227539062
0.027927637100219727
0.021938323974609375
0.025931119918823242
0.02992105484008789
0.023938417434692383
0.02393317222595215
0.026928186416625977
0.02593064308166504
0.02294015884399414
0.03390765190124512
0.03191423416137695
0.020944833755493164
0.023935317993164062
0.02892303466796875
0.026116609573364258
0.027926921844482422
0.029917240142822266
0.02692723274230957
0.02593231201171875
0.03091597557067871
0.02593064308166504
0.026929855346679688
0.03390693664550781
0.0299227237701416
0.027950525283813477
0.025904178619384766
0.02892160415649414
0.028922319412231445
0.025931835174560547
0.02892446517944336
0.022936105728149414
0.01997852325439453
0.024901866912841797
0.028923511505126953
0.023111820220947266
0.025902748107910156
0.0279541015625
0.02590346336364746
0.02994823455810547
0.02989029884338379
0.023939132690429688
0.031914710998535156
0.03191184997558594
0.025931835174560547
0.033907175064086914
0.0329127311706543
0.023943424224853516
0.030916452407836914
0.02892589569091797
0.023932218551635742
0.03191518783569336
0.027925729751586914
0.02493429183959961
0.029917240142822266
0.02792811393737793
0.01994466781616211
0.024936199188232422
0.02692437171936035
0.025931119918823242
0.029921293258666992
0.02792525291442871
0.022941112518310547
0.024930715560913086
0.027924776077270508
0.022938251495361328
0.02592945098876953
0.04089212417602539
0.028923988342285156
0.025929927825927734
0.023934364318847656
0.020957231521606445
0.027912616729736328
0.021941423416137695
0.020972251892089844
0.024904251098632812
0.021941661834716797
0.022941112518310547
0.024930477142333984
0.020972490310668945
0.027897119522094727
0.02792525291442871
0.01795220375061035
0.021941184997558594
0.030916929244995117
0.022939682006835938
0.024931907653808594
0.02892303466796875
0.027927398681640625
0.02596139907836914
0.0308835506439209
0.024933338165283203
0.029148340225219727
0.028922557830810547
0.026926755905151367
0.025930404663085938
0.027948856353759766
0.026929855346679688
0.02690434455871582
0.026926279067993164
0.02593088150024414
0.023964643478393555
0.02889394760131836
0.026927709579467773
0.029270172119140625
0.031913042068481445
0.03191637992858887
0.0279238224029541
0.02493453025817871
0.02393651008605957
0.021943330764770508
0.03390812873840332
0.023934364318847656
0.028951168060302734
0.029891490936279297
0.023935556411743164
0.03017115592956543
0.027924537658691406
0.02593088150024414
0.028923749923706055
0.02894902229309082
0.02291083335876465
0.0199739933013916
0.024933338165283203
0.01792597770690918
0.025928020477294922
0.023937463760375977
0.025931596755981445
0.026927947998046875
0.024931669235229492
0.025933027267456055
0.03290963172912598
0.02597665786743164
0.025956153869628906
0.0328826904296875
0.03298377990722656
0.028958797454833984
0.030882596969604492
0.03092026710510254
0.029920101165771484
0.0359034538269043
0.03194928169250488
0.03091716766357422
0.034906864166259766
0.03395438194274902
0.03092050552368164
0.028920412063598633
0.024933576583862305
0.026973962783813477
0.030869245529174805
0.02892589569091797
0.023934125900268555
0.03390789031982422
0.030946731567382812
0.02490544319152832
0.03291058540344238
0.03255438804626465
0.023965835571289062
0.0358736515045166
0.032914161682128906
0.03291058540344238
0.03390860557556152
0.02892327308654785
0.026928186416625977
0.02991938591003418
0.03440666198730469
0.031915903091430664
0.0309145450592041
0.034909963607788086
0.028921842575073242
0.033910512924194336
0.03198409080505371
0.026900768280029297
0.0309145450592041
0.03471660614013672
0.030914783477783203
0.035901784896850586
0.035904645919799805
0.02991962432861328
0.027927398681640625
0.031914710998535156
0.0279233455657959
0.02792835235595703
0.030915021896362305
0.024932384490966797
0.02892160415649414
0.029921531677246094
0.02593255043029785
0.02991795539855957
0.02892160415649414
0.02393817901611328
0.03091573715209961
0.027951955795288086
0.024906396865844727
0.029922008514404297
0.03094625473022461
0.03188586235046387
0.0329129695892334
0.028919696807861328
0.0269315242767334
0.02794504165649414
0.0288999080657959
0.022954225540161133
0.024945497512817383
0.027897119522094727
0.022940397262573242
0.025961875915527344
0.024898767471313477
0.02493572235107422
0.023935317993164062
0.02892160415649414
0.02493762969970703
0.029944658279418945
0.028921127319335938
0.02590489387512207
0.02692699432373047
0.03092026710510254
0.026926755905151367
0.027927398681640625
0.03290843963623047
0.035902976989746094
0.02992081642150879
0.02692866325378418
0.024932146072387695
0.0299227237701416
0.0279238224029541
0.024932384490966797
0.03191399574279785
0.02792644500732422
0.023934602737426758
0.02992081642150879
0.027926206588745117
0.02393484115600586
0.02194046974182129
0.028926372528076172
0.023932456970214844
0.02493429183959961
0.028925418853759766
0.025926828384399414
0.02892303466796875
0.026928424835205078
0.023938417434692383
0.025927305221557617
0.02692890167236328
0.024932146072387695
0.021944284439086914
0.02493119239807129
0.01994633674621582
0.021942853927612305
0.03291153907775879
0.0279238224029541
0.026929378509521484
0.028923511505126953
0.025929927825927734
0.029918193817138672
0.02313995361328125
0.018948793411254883
0.02692890167236328
0.029918909072875977
0.02593207359313965
0.024932861328125
0.024934053421020508
0.025929927825927734
0.027926206588745117
0.02293705940246582
0.025930404663085938
0.026927947998046875
0.023937225341796875
0.02493429183959961
0.028922557830810547
0.022937297821044922
0.02692723274230957
0.025931596755981445
0.021940231323242188
0.025930166244506836
0.02693033218383789
0.024930953979492188
0.02593088150024414
0.026929378509521484
0.023937463760375977
0.024930953979492188
0.02892303466796875
0.02294015884399414
0.023934125900268555
0.02692866325378418
0.023934602737426758
0.024935007095336914
0.025953054428100586
0.025907516479492188
0.024932861328125
0.02795243263244629
0.02390766143798828
0.018980741500854492
0.025902271270751953
0.02293562889099121
0.021944522857666016
0.023932933807373047
0.025931119918823242
0.020945310592651367
0.024932861328125
0.022965669631958008
0.023908615112304688
0.027952194213867188
0.023930788040161133
0.025907278060913086
0.029951810836791992
0.02290797233581543
0.030917882919311523
0.028922319412231445
0.02593088150024414
0.029920101165771484
0.024932384490966797
0.02692866325378418
0.02991962432861328
0.027925729751586914
0.026928424835205078
0.02992081642150879
0.025928497314453125
0.023936986923217773
0.0209653377532959
0.025936126708984375
0.02293872833251953
0.023909568786621094
0.028939247131347656
0.02292037010192871
0.024962425231933594
0.026899099349975586
0.01994633674621582
0.03702116012573242
0.025933504104614258
0.0359039306640625
0.02892136573791504
0.02610158920288086
0.025930166244506836
0.031916141510009766
0.023573637008666992
0.027926206588745117
0.023935317993164062
0.026955842971801758
0.026900768280029297
0.028921127319335938
0.026929616928100586
0.023934125900268555
0.024956226348876953
0.02992558479309082
0.02590346336364746
0.02792501449584961
0.028924226760864258
0.024930953979492188
0.03191542625427246
0.024932146072387695
0.024934768676757812
0.03490567207336426
0.024935245513916016
0.024933338165283203
0.03390693664550781
0.02496194839477539
0.024985790252685547
0.031862735748291016
0.024960756301879883
0.023937702178955078
0.03390860557556152
0.03091907501220703
0.02692699432373047
0.03291201591491699
0.030434608459472656
0.031914472579956055
0.032911062240600586
0.026928186416625977
0.025930166244506836
0.032912254333496094
0.02892446517944336
0.026954174041748047
0.033883094787597656
0.03277420997619629
0.025934219360351562
0.03589963912963867
0.03013014793395996
0.0359036922454834
0.03690314292907715
0.03291177749633789
0.03091716766357422
0.03490900993347168
0.030942440032958984
0.030890464782714844
0.033907413482666016
0.033075809478759766
0.028922080993652344
0.034906625747680664
0.03264880180358887
0.031915903091430664
0.031914472579956055
0.03239727020263672
0.02393817901611328
0.03191423416137695
0.03443121910095215
0.02593064308166504
0.028921127319335938
0.031942129135131836
0.02889537811279297
0.028950929641723633
0.024929046630859375
0.026905536651611328
0.033908843994140625
0.02992081642150879
0.026948213577270508
0.03089594841003418
0.024932384490966797
0.02593374252319336
0.03390645980834961
0.034906625747680664
0.02992105484008789
0.02991962432861328
0.025929689407348633
0.02293992042541504
0.024935245513916016
0.027924060821533203
0.023935556411743164
0.02393507957458496
0.02792501449584961
0.0189516544342041
0.02693033218383789
0.025931835174560547
0.023934125900268555
0.03091597557067871
0.028922080993652344
0.030918121337890625
0.024199247360229492
0.02393627166748047
0.0249330997467041
0.027925491333007812
0.024934768676757812
0.023935794830322266
0.02892160415649414
0.021971464157104492
0.02467942237854004
0.025930166244506836
0.028923511505126953
0.025930166244506836
0.023935794830322266
0.025932788848876953
0.022936582565307617
0.02393627166748047
0.022940874099731445
0.02393364906311035
0.0219423770904541
0.025931119918823242
0.026927709579467773
0.026926755905151367
0.027926206588745117
0.027924776077270508
0.02593255043029785
0.023935794830322266
0.026926755905151367
0.023940563201904297
0.024930477142333984
0.027922630310058594
0.02196955680847168
0.023935317993164062
0.028894424438476562
0.023936748504638672
